Count of GenderCode,employee performance ,,,,
BusinessUnit,HIGH,LOW,MEDIUM,VERY HIGH ,Grand Total
BPC,7,9,85,6,107
CCDR,10,15,78,3,106
EW,8,14,85,2,109
MSC,7,13,85,5,110
NEL,6,12,83,3,104
PL,6,11,81,1,99
PYZ,9,15,82,4,110
SVG,5,14,83,3,105
TNS,6,13,86,4,109
WBL,11,13,84,3,111
Grand Total,75,129,832,34,1070
